23
0  4  7  18 16 14 16 7  13 10 2  3  8  11 20 4  7  1  7  13 17 12 9
4  0  8  10 3  11 3  4  8  16 10 3  3  19 10 8  14 17 12 3  10 14 2
7  8  0  20 5  18 19 5  16 11 14 7  12 1  17 14 3  11 17 2  6  6  5
18 10 20 0  8  17 6  7  10 14 18 5  16 3  6  15 8  15 5  4  11 8  9
16 3  5  8  0  17 19 9  5  4  12 15 20 13 1  17 9  20 13 7  7  15 20
14 11 18 17 17 0  16 11 15 19 8  2  18 3  18 13 13 17 2  1  7  2  6
16 3  19 6  19 16 0  10 5  20 1  10 12 18 18 12 2  16 10 8  8  17 18
7  4  5  7  9  11 10 0  14 7  6  7  4  20 5  9  12 13 10 4  20 11 9
13 8  16 10 5  15 5  14 0  9  16 1  10 17 4  19 6  7  12 2  16 20 9
10 16 11 14 4  19 20 7  9  0  5  9  2  11 14 1  15 5  5  15 8  17 4
2  10 14 18 12 8  1  6  16 5  0  12 8  6  20 17 13 12 18 9  16 8  15
3  3  7  5  15 2  10 7  1  9  12 0  2  19 16 10 18 16 14 19 9  4  12
8  3  12 16 20 18 12 4  10 2  8  2  0  9  10 17 5  4  4  14 19 7  1
11 19 1  3  13 3  18 20 17 11 6  19 9  0  5  19 9  9  10 18 18 17 5
20 10 17 6  1  18 18 5  4  14 20 16 10 5  0  4  11 4  11 20 13 6  5
4  8  14 15 17 13 12 9  19 1  17 10 17 19 4  0  11 6  20 15 7  10 3
7  14 3  8  9  13 2  12 6  15 13 18 5  9  11 11 0  3  5  18 8  16 5
1  17 11 15 20 17 16 13 7  5  12 16 4  9  4  6  3  0  9  12 3  9  20
7  12 17 5  13 2  10 10 12 5  18 14 4  10 11 20 5  9  0  4  7  9  1
13 3  2  4  7  1  8  4  2  15 9  19 14 18 20 15 18 12 4  0  3  12 11
17 10 6  11 7  7  8  20 16 8  16 9  19 18 13 7  8  3  7  3  0  6  2
12 14 6  8  15 2  17 11 20 17 8  4  7  17 6  10 16 9  9  12 6  0  2
9  2  5  9  20 6  18 9  9  4  15 12 1  5  5  3  5  20 1  11 2  2  0
